﻿date,total_cases,New_Cases,Date,Avg_DP
1/30/2020,0,0,1/16/2020,44.2
1/31/2020,0,0,1/17/2020,41
2/5/2020,0,0,1/22/2020,42.1
2/6/2020,0,0,1/23/2020,42.9
2/7/2020,0,0,1/24/2020,41.6
2/9/2020,0,0,1/26/2020,44.5
2/10/2020,0,0,1/27/2020,42.4
2/13/2020,1,0,1/30/2020,47.5
2/14/2020,1,0,1/31/2020,47.9
2/15/2020,1,0,2/1/2020,41.2
2/16/2020,1,0,2/2/2020,45.2
2/17/2020,1,0,2/3/2020,41
2/22/2020,1,0,2/8/2020,41.9
2/23/2020,1,0,2/9/2020,45.5
2/28/2020,12,3,2/14/2020,41.3
2/29/2020,13,1,2/15/2020,49.9
3/1/2020,17,4,2/16/2020,45.3
3/7/2020,104,14,2/22/2020,42.5
3/8/2020,126,22,2/23/2020,42.9
3/9/2020,179,53,2/24/2020,43.7
3/22/2020,3515,437,3/8/2020,42.4
3/24/2020,4841,637,3/10/2020,50.9
3/25/2020,5600,759,3/11/2020,45.4
3/28/2020,7765,577,3/14/2020,43.8
3/29/2020,8360,595,3/15/2020,44.1
3/31/2020,10166,936,3/17/2020,42.5
4/1/2020,11145,979,3/18/2020,46.8
4/2/2020,12217,1072,3/19/2020,43.3
4/20/2020,23973,434,4/6/2020,42
4/22/2020,24835,396,4/8/2020,45.1
4/23/2020,25358,523,4/9/2020,44.9
4/24/2020,25736,378,4/10/2020,45.8
4/25/2020,26069,333,4/11/2020,46.1
4/26/2020,26379,310,4/12/2020,44.1
4/30/2020,27963,425,4/16/2020,42
5/1/2020,28319,356,4/17/2020,42.6
5/2/2020,28568,249,4/18/2020,44
5/7/2020,29741,271,4/23/2020,41.7
5/8/2020,29948,207,4/24/2020,41.4
5/9/2020,30075,127,4/25/2020,41.7
5/11/2020,30358,159,4/27/2020,42.3
5/12/2020,30553,195,4/28/2020,45.2
5/13/2020,30757,204,4/29/2020,44.8
5/14/2020,30914,157,4/30/2020,43.4
5/15/2020,31045,131,5/1/2020,42.5
5/17/2020,31198,79,5/3/2020,42.7
5/18/2020,31310,112,5/4/2020,44.2
5/21/2020,31744,158,5/7/2020,44.2
5/22/2020,31829,85,5/8/2020,44.5
5/23/2020,31894,65,5/9/2020,45.2
5/24/2020,31945,51,5/10/2020,43.5
6/1/2020,32410,49,5/18/2020,41.1
6/2/2020,32459,49,5/19/2020,49.7
6/3/2020,32538,79,5/20/2020,50.6
6/4/2020,32595,57,5/21/2020,50.4
6/5/2020,32642,47,5/22/2020,44.9
6/6/2020,32688,46,5/23/2020,41.4
6/7/2020,32733,45,5/24/2020,45.8
6/8/2020,32789,56,5/25/2020,46.7
6/9/2020,32860,71,5/26/2020,46.3
6/10/2020,32913,53,5/27/2020,49.7
6/11/2020,32960,47,5/28/2020,44
6/12/2020,33014,54,5/29/2020,43.9
6/13/2020,33053,39,5/30/2020,44.7
6/14/2020,33084,31,5/31/2020,44.4
6/15/2020,33125,41,6/1/2020,47.1
6/16/2020,33172,47,6/2/2020,45.2
6/17/2020,33215,43,6/3/2020,50.5
6/18/2020,33261,46,6/4/2020,43.9
6/19/2020,33298,37,6/5/2020,41
6/20/2020,33326,28,6/6/2020,41.6
6/21/2020,33353,27,6/7/2020,47.2
6/22/2020,33404,51,6/8/2020,44
6/23/2020,33453,49,6/9/2020,41.9
6/24/2020,33499,46,6/10/2020,49.7
6/25/2020,33556,57,6/11/2020,52.5
6/26/2020,33604,48,6/12/2020,55.7
6/27/2020,33636,32,6/13/2020,52.6
6/28/2020,33658,22,6/14/2020,52.9
6/29/2020,33716,58,6/15/2020,52.1
6/30/2020,33768,52,6/16/2020,53.5
7/1/2020,33810,42,6/17/2020,54.3
7/2/2020,33848,38,6/18/2020,55.4
7/3/2020,33886,38,6/19/2020,52.3
7/4/2020,33918,32,6/20/2020,51.5
7/5/2020,33969,51,6/21/2020,51.2
7/6/2020,34022,53,6/22/2020,48.1
7/7/2020,34081,59,6/23/2020,52.7
7/8/2020,34138,57,6/24/2020,55.9
7/9/2020,34192,54,6/25/2020,56.8
7/10/2020,34232,40,6/26/2020,59
7/11/2020,34251,19,6/27/2020,55
7/12/2020,34289,38,6/28/2020,48.4
7/13/2020,34374,85,6/29/2020,45
7/14/2020,34436,62,6/30/2020,53.2
7/15/2020,34512,76,7/1/2020,54.4
7/16/2020,34582,70,7/2/2020,53.8
7/17/2020,34630,48,7/3/2020,51.8
7/18/2020,34678,48,7/4/2020,58.4
7/19/2020,34719,41,7/5/2020,49.6
7/20/2020,34816,97,7/6/2020,45
7/21/2020,34898,82,7/7/2020,46.9
7/22/2020,34979,81,7/8/2020,59.5
7/23/2020,35050,71,7/9/2020,59.4
7/24/2020,35132,82,7/10/2020,48.7
7/25/2020,35186,54,7/11/2020,45
7/26/2020,35251,65,7/12/2020,45.8
7/27/2020,35351,100,7/13/2020,46.8
7/28/2020,35449,98,7/14/2020,53.4
7/29/2020,35547,98,7/15/2020,50.6
7/30/2020,35648,101,7/16/2020,55
7/31/2020,35721,73,7/17/2020,55.3
8/1/2020,35779,58,7/18/2020,53.5
8/2/2020,35852,73,7/19/2020,53.3
8/3/2020,35939,87,7/20/2020,45.5
8/4/2020,36042,103,7/21/2020,43.8
8/5/2020,36157,115,7/22/2020,46.8
8/6/2020,36262,105,7/23/2020,49.1
8/7/2020,36381,119,7/24/2020,56.1
8/8/2020,36436,55,7/25/2020,59.7
8/9/2020,36503,67,7/26/2020,54.4
8/10/2020,36645,142,7/27/2020,58.1
8/11/2020,36794,149,7/28/2020,47.4
8/12/2020,36944,150,7/29/2020,46.4
8/13/2020,37068,124,7/30/2020,47.3
8/14/2020,37195,127,7/31/2020,56.6
8/15/2020,37300,105,8/1/2020,55.6
8/16/2020,37387,87,8/2/2020,49.6
8/17/2020,37577,190,8/3/2020,47.9
8/18/2020,37758,181,8/4/2020,49.4
8/19/2020,37910,152,8/5/2020,51.3
8/21/2020,38279,166,8/7/2020,55.7
8/31/2020,39922,155,8/17/2020,59.1
